RMSE: 5.818504766725656
MAE: 4.557521928505541
R2 score: 0.700136253843676
