RMSE: 5.818504766725846
MAE: 4.557521928505628
R2 score: 0.7001362538436564
